SRup
renofact_Z_strong 0.81857,0.81346,0.79846,0.79634,0.78833,0.8131,0.79897,0.79767,0.79156,0.79367,0.75072
renofact_Z_EWK 0.91122,0.89362,0.87685,0.859,0.82562,0.90899,0.8932,0.87386,0.85841,0.82412,0.80318
renofact_W_strong 0.81302,0.79846,0.79635,0.78886,0.73505,0.80724,0.79703,0.79098,0.78596,0.79881,0.75523
renofact_W_EWK 0.91099,0.89503,0.88044,0.85843,0.83799,0.90726,0.89286,0.88057,0.85716,0.83824,0.83366
pdf_Z_strong 1.0099,1.0125,1.0149,1.0206,1.02913,1.0101,1.0147,1.0188,1.0358,1.05558,1.0185
pdf_Z_EWK 1.0153,1.0184,1.0197,1.0299,1.0622,1.0159,1.0205,1.0208,1.0354,1.068,1.0199
pdf_W_strong 1.0099,1.0113,1.015,1.0427,1.0608,1.0132,1.0106,1.0147,1.0222,1.02982,1.0119
pdf_W_EWK 1.0157,1.0152,1.0248,1.0344,1.05096,1.0159,1.017,1.0187,1.0247,1.03155,1.0166
SRdown
renofact_Z_strong 1.2817,1.3039,1.3409,1.3534,1.3747,1.298,1.3268,1.3392,1.3573,1.3555,1.408
renofact_Z_EWK 1.1166,1.1415,1.1668,1.1915,1.2428,1.1201,1.1427,1.1722,1.1925,1.2463,1.2909
renofact_W_strong 1.2987,1.3313,1.342,1.3672,1.5028,1.3085,1.3308,1.3471,1.3649,1.345,1.4023
renofact_W_EWK 1.1183,1.1405,1.161,1.193,1.219,1.1241,1.1448,1.1611,1.195,1.2186,1.2401
pdf_Z_strong 0.9901,0.9875,0.9851,0.9794,0.970866,0.9899,0.9853,0.9812,0.9642,0.944423,0.98145
pdf_Z_EWK 0.98472,0.98159,0.98032,0.97005,0.93781,0.98412,0.97949,0.97924,0.96464,0.93196,0.98009
pdf_W_strong 0.99013,0.98865,0.98501,0.95726,0.93923,0.9868,0.9894,0.9853,0.9778,0.970179,0.9881
pdf_W_EWK 0.9843,0.9848,0.9752,0.9656,0.949042,0.9841,0.983,0.9813,0.9753,0.968451,0.9834
CRZup
renofact_Z_strong 0.82271,0.80876,0.80314,0.80334,0.74978,0.81606,0.80766,0.79676,0.81272,0.74271,0.74185
renofact_Z_EWK 0.91566,0.89205,0.87831,0.85888,0.82806,0.91305,0.8923,0.87769,0.85829,0.82604,0.8009
pdf_Z_strong 1.0097,1.0132,1.0172,1.0324,1.04997,1.009,1.0145,1.02,1.021,1.03177,1.0157
pdf_Z_EWK 1.0149,1.0159,1.0186,1.0249,1.0609,1.0155,1.0163,1.019,1.0254,1.0548,1.0183
CRZdown
renofact_Z_strong 1.2703,1.3054,1.3237,1.3353,1.4359,1.2856,1.3035,1.3269,1.3092,1.443,1.4271
renofact_Z_EWK 1.1113,1.1449,1.1637,1.1922,1.24,1.117,1.1445,1.1649,1.1938,1.2441,1.2945
pdf_Z_strong 0.9903,0.9868,0.9828,0.9676,0.950031,0.991,0.9855,0.98,0.979,0.968227,0.9843
pdf_Z_EWK 0.98507,0.98412,0.98139,0.97506,0.93908,0.98448,0.98368,0.98102,0.97458,0.94521,0.98167
CRWup
renofact_W_strong 0.8227,0.81074,0.79938,0.79865,0.79756,0.81347,0.80916,0.80111,0.79978,0.79759,0.75855
renofact_W_EWK 0.91564,0.89481,0.88159,0.86134,0.82684,0.91237,0.89278,0.88016,0.85927,0.82609,0.80299
pdf_W_strong 1.0084,1.0121,1.0145,1.02,1.0481,1.0092,1.0099,1.0152,1.0238,1.036,1.0128
pdf_W_EWK 1.0152,1.0151,1.0176,1.0235,1.03021,1.0158,1.0154,1.0176,1.0213,1.0394,1.0158
CRWdown
renofact_W_strong 1.2766,1.3053,1.3351,1.3433,1.3587,1.292,1.3073,1.3272,1.3372,1.3416,1.3924
renofact_W_EWK 1.1109,1.1407,1.159,1.1892,1.2437,1.1159,1.1443,1.1616,1.1923,1.2433,1.2913
pdf_W_strong 0.99157,0.98792,0.98553,0.97998,0.95189,0.9908,0.9901,0.9848,0.9762,0.9640,0.98725
pdf_W_EWK 0.9848,0.9849,0.9824,0.9765,0.969788,0.98421,0.98464,0.98244,0.97866,0.96057,0.98418
