SRup
resum_Z_strong 1.0619,1.0632,1.0576,1.06,1.0655,1.0567,1.0577,1.0565,1.0552,1.0513,1.0397
resum_W_strong 1.0619,1.0588,1.0567,1.064,1.0683,1.0596,1.0604,1.0619,1.0531,1.0491,1.0296
ckkw_Z_strong 1.0469,1.0492,1.0464,1.0516,1.0405,1.0526,1.0545,1.0561,1.0575,1.0606,1.0397
ckkw_W_strong 1.0368,1.0332,1.0388,1.0402,1.0405,1.0422,1.0436,1.0523,1.0455,1.0437,1.0296
SRdown
resum_Z_strong 0.9381,0.9368,0.9424,0.94,0.9345,0.9433,0.9423,0.9435,0.9448,0.9487,0.9603
resum_W_strong 0.9381,0.9412,0.9433,0.936,0.9317,0.9404,0.9396,0.9381,0.9469,0.9509,0.9704
ckkw_Z_strong 0.9531,0.9508,0.9536,0.9484,0.9595,0.9474,0.9455,0.9439,0.9425,0.9394,0.9603
ckkw_W_strong 0.9632,0.9668,0.9612,0.9598,0.9595,0.9578,0.9564,0.9477,0.9545,0.9563,0.9704
CRWup
resum_W_strong 1.0679,1.0659,1.0732,1.0676,1.0451,1.0628,1.0585,1.0537,1.0545,1.0581,1.0313
ckkw_W_strong 1.0351,1.038,1.0406,1.0317,1.0149,1.0444,1.0448,1.0463,1.0499,1.0526,1.0313
CRWdown
resum_W_strong 0.9321,0.9341,0.9268,0.9324,0.9549,0.9372,0.9415,0.9463,0.9455,0.9419,0.9687
ckkw_W_strong 0.9649,0.962,0.9594,0.9683,0.9851,0.9556,0.9552,0.9537,0.9501,0.9474,0.9687
CRZup
resum_Z_strong 1.0813,1.0758,1.0703,1.0792,1.0892,1.0719,1.0666,1.062,1.0672,1.0599,1.046
ckkw_Z_strong 1.0532,1.054,1.0523,1.0532,1.0403,1.0568,1.0609,1.0607,1.0636,1.0587,1.046
CRZdown
resum_Z_strong 0.9187,0.9242,0.9297,0.9208,0.9108,0.9281,0.9334,0.938,0.9328,0.9401,0.954
ckkw_Z_strong 0.9468,0.946,0.9477,0.9468,0.9597,0.9432,0.9391,0.9393,0.9364,0.9413,0.954